36 44 1 1
36 46 1 1
36 48 1 1
36 49 1 1
36 50 1 1
36 51 1 1
36 52 1 1
36 53 1 1
36 54 1 1
36 55 1 1
36 56 1 1
36 57 1 1
36 58 1 1
36 59 1 1
43 55 1 1
79 30 1 1
79 31 1 1
79 33 1 1
79 34 1 1
79 35 1 1
79 36 1 1
79 37 1 1
79 38 1 1
79 39 1 1
79 40 1 1
79 42 1 1
79 44 1 1
80 30 1 1
80 31 1 1
80 32 1 1
80 33 1 1
80 34 1 1
80 35 1 1
80 36 1 1
80 37 1 1
80 38 1 1
80 39 1 1
80 40 1 1
80 41 1 1
80 42 1 1
80 43 1 1
81 1 1 1
81 2 1 1
81 3 1 1
81 4 1 1
81 5 1 1
81 6 1 1
81 7 1 1
81 8 1 1
81 9 1 1
81 10 1 1
81 11 1 1
81 12 1 1
81 13 1 1
81 14 1 1
81 15 1 1
81 16 1 1
81 17 1 1
81 18 1 1
81 19 1 1
81 20 1 1
81 21 1 1
81 22 1 1
81 23 1 1
81 24 1 1
81 25 1 1
81 26 1 1
81 27 1 1
81 28 1 1
81 29 1 1
81 30 1 1
81 31 1 1
81 32 1 1
81 33 1 1
81 34 1 1
81 35 1 1
81 36 1 1
81 37 1 1
81 38 1 1
81 39 1 1
81 40 1 1
81 41 1 1
81 42 1 1
81 43 1 1
81 44 1 1
81 45 1 1
81 46 1 1
81 47 1 1
81 48 1 1
81 49 1 1
81 50 1 1
81 51 1 1
81 52 1 1
81 53 1 1
81 54 1 1
81 55 1 1
81 56 1 1
81 57 1 1
81 58 1 1
81 59 1 1
81 60 1 1
82 1 1 1
82 2 1 1
82 3 1 1
82 4 1 1
82 5 1 1
82 6 1 1
82 7 1 1
82 8 1 1
82 9 1 1
82 10 1 1
82 11 1 1
82 12 1 1
82 13 1 1
82 14 1 1
82 15 1 1
82 16 1 1
82 17 1 1
82 18 1 1
82 19 1 1
82 20 1 1
82 21 1 1
82 22 1 1
82 23 1 1
82 24 1 1
82 25 1 1
82 26 1 1
82 27 1 1
82 28 1 1
82 29 1 1
82 30 1 1
82 31 1 1
82 32 1 1
82 33 1 1
82 34 1 1
82 35 1 1
82 36 1 1
82 37 1 1
82 38 1 1
82 39 1 1
82 40 1 1
82 41 1 1
82 42 1 1
82 43 1 1
82 44 1 1
82 45 1 1
82 46 1 1
82 47 1 1
82 48 1 1
82 49 1 1
82 50 1 1
82 51 1 1
82 52 1 1
82 53 1 1
82 54 1 1
82 55 1 1
82 56 1 1
82 57 1 1
82 58 1 1
82 59 1 1
82 60 1 1
83 1 1 1
83 2 1 1
83 3 1 1
83 4 1 1
83 5 1 1
83 6 1 1
83 7 1 1
83 8 1 1
83 9 1 1
83 10 1 1
83 11 1 1
83 12 1 1
83 13 1 1
83 14 1 1
83 15 1 1
83 16 1 1
83 17 1 1
83 18 1 1
83 19 1 1
83 20 1 1
83 21 1 1
83 22 1 1
83 23 1 1
83 24 1 1
83 25 1 1
83 26 1 1
83 27 1 1
83 28 1 1
83 29 1 1
83 30 1 1
83 31 1 1
83 32 1 1
83 33 1 1
83 34 1 1
83 35 1 1
83 36 1 1
83 37 1 1
83 38 1 1
83 39 1 1
83 40 1 1
83 41 1 1
83 42 1 1
83 43 1 1
83 44 1 1
83 45 1 1
83 46 1 1
83 47 1 1
83 48 1 1
83 49 1 1
83 50 1 1
83 51 1 1
83 52 1 1
83 53 1 1
83 54 1 1
83 55 1 1
83 56 1 1
83 57 1 1
83 58 1 1
83 59 1 1
83 60 1 1
84 1 1 1
84 2 1 1
84 3 1 1
84 4 1 1
84 5 1 1
84 6 1 1
84 7 1 1
84 8 1 1
84 9 1 1
84 10 1 1
84 11 1 1
84 12 1 1
84 13 1 1
84 14 1 1
84 15 1 1
84 16 1 1
84 17 1 1
84 18 1 1
84 19 1 1
84 20 1 1
84 21 1 1
84 22 1 1
84 23 1 1
84 24 1 1
84 25 1 1
84 26 1 1
84 27 1 1
84 28 1 1
84 29 1 1
84 30 1 1
84 31 1 1
84 32 1 1
84 33 1 1
84 34 1 1
84 35 1 1
84 36 1 1
84 37 1 1
84 38 1 1
84 39 1 1
84 40 1 1
84 41 1 1
84 42 1 1
84 43 1 1
84 44 1 1
84 45 1 1
84 46 1 1
84 47 1 1
84 48 1 1
84 49 1 1
84 50 1 1
84 51 1 1
84 52 1 1
84 53 1 1
84 54 1 1
84 55 1 1
84 56 1 1
84 57 1 1
84 58 1 1
84 59 1 1
84 60 1 1
85 1 1 1
85 2 1 1
85 3 1 1
85 4 1 1
85 5 1 1
85 6 1 1
85 7 1 1
85 8 1 1
85 9 1 1
85 10 1 1
85 11 1 1
85 12 1 1
85 13 1 1
85 14 1 1
85 15 1 1
85 16 1 1
85 17 1 1
85 18 1 1
85 19 1 1
85 20 1 1
85 21 1 1
85 22 1 1
85 23 1 1
85 24 1 1
85 25 1 1
85 26 1 1
85 27 1 1
85 28 1 1
85 29 1 1
85 30 1 1
85 31 1 1
85 32 1 1
85 33 1 1
85 34 1 1
85 35 1 1
85 36 1 1
85 37 1 1
85 38 1 1
85 39 1 1
85 40 1 1
85 41 1 1
85 42 1 1
85 43 1 1
85 44 1 1
85 45 1 1
85 46 1 1
85 47 1 1
85 48 1 1
85 49 1 1
85 50 1 1
85 51 1 1
85 52 1 1
85 53 1 1
85 54 1 1
85 55 1 1
85 56 1 1
85 57 1 1
85 58 1 1
85 59 1 1
85 60 1 1
86 1 1 1
86 2 1 1
86 3 1 1
86 4 1 1
86 5 1 1
86 6 1 1
86 7 1 1
86 8 1 1
86 9 1 1
86 10 1 1
86 11 1 1
86 12 1 1
86 13 1 1
86 14 1 1
86 15 1 1
86 16 1 1
86 17 1 1
86 18 1 1
86 19 1 1
86 20 1 1
86 21 1 1
86 22 1 1
86 23 1 1
86 24 1 1
86 25 1 1
86 26 1 1
86 29 1 1
86 30 1 1
86 31 1 1
86 32 1 1
86 33 1 1
86 34 1 1
86 35 1 1
86 36 1 1
86 37 1 1
86 38 1 1
86 39 1 1
86 40 1 1
86 41 1 1
86 42 1 1
86 43 1 1
86 44 1 1
86 45 1 1
86 46 1 1
86 47 1 1
86 48 1 1
86 49 1 1
86 50 1 1
86 51 1 1
86 52 1 1
86 53 1 1
86 54 1 1
86 55 1 1
86 56 1 1
86 57 1 1
86 58 1 1
86 59 1 1
86 60 1 1
